10 817.000000
20 646.000000
30 744.000000
40 807.000000
50 756.000000
60 739.000000
70 750.000000
80 603.000000
90 565.000000
100 734.000000
110 615.000000
120 616.000000
130 596.000000
140 583.000000
150 601.000000
160 805.000000
170 608.000000
180 623.000000
190 572.000000
200 605.000000
210 588.000000
220 591.000000
230 579.000000
240 586.000000
250 607.000000
260 593.000000
270 598.000000
280 588.000000
290 602.000000
300 590.000000
310 600.000000
320 564.000000
330 595.000000
340 599.000000
350 597.000000
360 600.000000
370 595.000000
380 570.000000
390 573.000000
400 575.000000
410 586.000000
420 555.000000
430 564.000000
440 648.000000
450 562.000000
460 578.000000
470 569.000000
480 590.000000
490 551.000000
500 552.000000
510 579.000000
520 625.000000
530 636.000000
540 581.000000
550 580.000000
560 574.000000
570 579.000000
580 562.000000
590 565.000000
600 592.000000
