10 768.000000
20 793.000000
30 793.000000
40 791.000000
50 783.000000
60 776.000000
70 773.000000
80 784.000000
90 799.000000
100 728.000000
110 764.000000
120 613.000000
130 731.000000
140 747.000000
150 670.000000
160 745.000000
170 559.000000
180 306.000000
190 286.000000
200 273.000000
210 188.000000
220 362.000000
230 344.000000
240 413.000000
250 328.000000
260 401.000000
270 305.000000
280 381.000000
290 370.000000
300 398.000000
310 443.000000
320 496.000000
330 626.000000
340 696.000000
350 748.000000
360 730.000000
370 668.000000
380 665.000000
390 654.000000
400 582.000000
410 681.000000
420 567.000000
430 573.000000
440 657.000000
450 623.000000
460 654.000000
470 663.000000
480 638.000000
490 661.000000
500 696.000000
510 682.000000
520 710.000000
530 651.000000
540 699.000000
550 692.000000
560 563.000000
570 618.000000
580 575.000000
590 556.000000
600 528.000000
610 588.000000
620 603.000000
630 582.000000
640 579.000000
650 584.000000
660 545.000000
670 545.000000
680 536.000000
690 576.000000
700 500.000000
710 557.000000
720 707.000000
730 656.000000
740 643.000000
750 595.000000
760 554.000000
770 553.000000
780 575.000000
790 569.000000
800 585.000000
810 561.000000
820 570.000000
830 561.000000
840 579.000000
850 595.000000
860 599.000000
870 631.000000
880 626.000000
890 633.000000
900 639.000000
910 634.000000
920 628.000000
930 539.000000
940 518.000000
950 527.000000
960 532.000000
970 558.000000
980 560.000000
990 575.000000
1000 560.000000
1010 512.000000
1020 496.000000
1030 442.000000
1040 401.000000
1050 427.000000
1060 391.000000
1070 426.000000
1080 400.000000
1090 548.000000
1100 767.000000
1110 704.000000
1120 613.000000
1130 562.000000
1140 583.000000
1150 624.000000
1160 627.000000
1170 634.000000
1180 650.000000
1190 654.000000
1200 645.000000
