10 719.000000
20 766.000000
30 770.000000
40 778.000000
50 786.000000
60 739.000000
70 748.000000
80 769.000000
90 747.000000
100 762.000000
110 772.000000
120 703.000000
130 761.000000
140 743.000000
150 725.000000
160 722.000000
170 743.000000
180 747.000000
190 720.000000
200 758.000000
210 716.000000
220 715.000000
230 747.000000
240 746.000000
250 721.000000
260 750.000000
270 736.000000
280 737.000000
290 722.000000
300 732.000000
310 786.000000
320 737.000000
330 730.000000
340 789.000000
350 710.000000
360 726.000000
370 760.000000
380 750.000000
390 751.000000
400 759.000000
410 729.000000
420 721.000000
430 720.000000
440 713.000000
450 715.000000
460 730.000000
470 734.000000
480 700.000000
490 708.000000
500 736.000000
510 690.000000
520 732.000000
530 725.000000
540 710.000000
550 718.000000
560 721.000000
570 723.000000
580 732.000000
590 768.000000
600 721.000000
610 776.000000
620 753.000000
630 704.000000
640 838.000000
650 993.000000
660 985.000000
670 950.000000
680 940.000000
690 981.000000
700 801.000000
710 893.000000
720 816.000000
730 776.000000
740 702.000000
750 394.000000
760 562.000000
770 648.000000
780 655.000000
790 707.000000
800 570.000000
810 724.000000
820 692.000000
830 744.000000
840 715.000000
850 737.000000
860 742.000000
870 732.000000
880 692.000000
890 709.000000
900 708.000000
910 716.000000
920 694.000000
930 673.000000
940 665.000000
950 614.000000
960 621.000000
970 664.000000
980 603.000000
990 616.000000
1000 593.000000
1010 616.000000
1020 656.000000
1030 652.000000
1040 706.000000
1050 649.000000
1060 644.000000
1070 623.000000
1080 626.000000
1090 640.000000
1100 586.000000
1110 724.000000
1120 728.000000
1130 714.000000
1140 703.000000
1150 725.000000
1160 721.000000
1170 722.000000
1180 706.000000
1190 762.000000
1200 758.000000
