10 1038.000000
20 971.000000
30 1000.000000
40 971.000000
50 976.000000
60 968.000000
70 934.000000
80 946.000000
90 942.000000
100 939.000000
110 865.000000
120 826.000000
130 756.000000
140 710.000000
150 699.000000
160 738.000000
170 765.000000
180 775.000000
190 627.000000
200 566.000000
210 530.000000
220 536.000000
230 540.000000
240 583.000000
250 608.000000
260 714.000000
270 696.000000
280 740.000000
290 695.000000
300 679.000000
310 623.000000
320 558.000000
330 572.000000
340 609.000000
350 630.000000
360 636.000000
370 593.000000
380 623.000000
390 624.000000
400 591.000000
410 644.000000
420 624.000000
430 616.000000
440 610.000000
450 633.000000
460 646.000000
470 634.000000
480 646.000000
490 597.000000
500 549.000000
510 506.000000
520 477.000000
530 469.000000
540 521.000000
550 560.000000
560 616.000000
570 615.000000
580 644.000000
590 671.000000
600 635.000000
