procs -----------memory---------- ---swap-- -----io---- -system-- ------cpu-----
 r  b   swpd   free   buff  cache   si   so    bi    bo   in   cs us sy id wa st
 1  0    512 127076 319164 1870076    0    0   135  1384 2128 4616 10  7 82  1  0
10  0    512 120100 322788 1850108    0    0  7208  8274 9296 20830 57 39  1  3  0
10  0    512 116360 326692 1850212    0    0  3341  7852 9833 22595 60 38  1  1  0
 5  1    512 113564 331136 1847896    0    0  2771  8658 9129 22179 59 39  1  1  0
11  0    512 109532 336432 1847268    0    0  2521  8657 8950 20983 60 38  1  1  0
 9  0    512 106004 340500 1847380    0    0  2435  8566 8191 20007 61 37  1  1  0
 9  0    512 101720 344312 1847496    0    0  2373  8173 8316 19586 60 38  1  1  0
10  0    512 123144 349848 1818968    0    0  2702  8768 8852 22180 59 39  1  1  0
11  0    512 120632 354052 1819036    0    0  2636  8901 9438 21695 59 39  1  1  0
 9  0    512 116348 357968 1819172    0    0  2659  8822 8769 21609 59 39  1  1  0
 9  0    512 112064 361920 1819260    0    0  2698  9093 9282 22210 60 38  1  1  0
 0  0    512 109280 371416 1819512    0    0  1052  4170 2518 5509 12  8 77  3  0
