10 693.000000
20 724.000000
30 689.000000
40 658.000000
50 681.000000
60 681.000000
70 669.000000
80 692.000000
90 683.000000
100 718.000000
110 718.000000
120 740.000000
130 676.000000
140 675.000000
150 733.000000
160 723.000000
170 664.000000
180 666.000000
190 642.000000
200 674.000000
210 661.000000
220 629.000000
230 663.000000
240 669.000000
250 668.000000
260 635.000000
270 767.000000
280 874.000000
290 1414.000000
300 1304.000000
310 1387.000000
320 1381.000000
330 1499.000000
340 1405.000000
350 1354.000000
360 967.000000
370 887.000000
380 881.000000
390 880.000000
400 925.000000
410 894.000000
420 945.000000
430 893.000000
440 898.000000
450 916.000000
460 984.000000
470 994.000000
480 984.000000
490 792.000000
500 764.000000
510 759.000000
520 773.000000
530 774.000000
540 764.000000
550 781.000000
560 807.000000
570 848.000000
580 839.000000
590 845.000000
600 817.000000
