procs -----------memory---------- ---swap-- -----io---- -system-- ------cpu-----
 r  b   swpd   free   buff  cache   si   so    bi    bo   in   cs us sy id wa st
 2  0    512 224204 407228 1799304    0    0   143  1241 1896  192 10  7 82  0  0
10  1    512 196824 407996 1799312    0    0 11861 12340 9192 21128 58 39  1  2  0
11  0    512 196940 408524 1797868    0    0  3408  9379 5494 13368 59 37  2  2  0
11  0    512 198552 408984 1795668    0    0  2981  8437 5094 12264 59 38  2  2  0
12  0    512 198552 409548 1795256    0    0  2966  8632 5037 12243 60 37  1  2  0
 9  0    512 196688 410208 1795284    0    0  2796  8031 4697 11400 58 38  2  2  0
 9  0    512 196816 411360 1795288    0    0  3706  9303 5918 14793 61 37  1  1  0
13  0    512 196320 412176 1795336    0    0  2146  7578 3748 8699 57 38  2  3  0
 9  0    512 195280 412664 1795348    0    0  3095  7745 5159 12271 59 38  2  1  0
 8  1    512 195404 413164 1795348    0    0  3343  8748 5334 13140 60 37  2  1  0
20  0    512 194524 413760 1795516    0    0  3546  9300 5991 14222 60 37  1  2  0
 1  0    512 199300 416004 1795576    0    0  1713  5853 2168 4296 10  8 77  5  0
