procs -----------memory---------- ---swap-- -----io---- -system-- ------cpu-----
 r  b   swpd   free   buff  cache   si   so    bi    bo   in   cs us sy id wa st
 1  0    512 839784 415264 1418812    0    0  4398  6195 2102 1998 32 21 46  1  0
 9  0    512 166636 415388 1293452    0    0 11790  9535 11787 31448 60 40  0  0  0
 9  0    512 113212 415728 1294092    0    0  4474 22475 12199 30737 61 38  1  0  0
 8  0    512 111688 415964 1293516    0    0  4376 22828 13053 31124 60 38  1  1  0
10  0    512 103248 416172 1301760    0    0  4674 24441 11946 31324 60 39  1  0  0
 8  0    512 102240 416344 1301788    0    0  4931 25481 12268 31697 60 39  1  0  0
 9  0    512 101484 416448 1301804    0    0  5097 25875 11910 31425 60 38  1  0  0
 9  0    512 120752 416524 1283156    0    0  5299 26105 11957 31561 60 38  1  1  0
 8  0    512 105128 416756 1298000    0    0  5540 26661 11996 31617 60 39  1  1  0
 7  0    512 104120 416860 1298036    0    0  5540 26946 12166 31893 59 40  1  1  0
 8  0    512 103616 416960 1298048    0    0  5535 26989 12123 31787 60 39  1  1  0
 0  0    512 118732 417328 1279976    0    0  3412 11859 2632 6892 12  7 78  2  0
 0  0    512 116196 417528 1282476    0    0   696  7020  575  873  1  1 98  1  0
 0  0    512 116204 417592 1282504    0    0     0  6497  373  540  0  0 99  1  0
 0  0    512 116204 417668 1282524    0    0     0  6492  397  412  0  0 99  1  0
 0  0    512 116204 417684 1282532    0    0     0  2370  170  150  0  0 99  0  0
 0  0    512 116604 417688 1282616    0    0     0    14   30   62  0  0 100  0  0
 0  0    512 116604 417688 1282624    0    0     0     3   27   56  0  0 100  0  0
 0  0    512 116604 417688 1282636    0    0     0     3   28   57  0  0 100  0  0
 0  0    512 116604 417688 1282652    0    0     0     7   28   57  0  0 100  0  0
 0  0    512 116596 417688 1282668    0    0     0    13   32   63  0  0 100  0  0
procs -----------memory---------- ---swap-- -----io---- -system-- ------cpu-----
 r  b   swpd   free   buff  cache   si   so    bi    bo   in   cs us sy id wa st
 0  0    512 116596 417688 1282676    0    0     0     4   27   56  0  0 100  0  0
 2  0    512 116596 417688 1282688    0    0     0     2   25   54  0  0 100  0  0
 2  0    512 116596 417688 1282700    0    0     0     3   28   60  0  0 100  0  0
 6  0    512 116596 417688 1282712    0    0     0     2   25   54  0  0 100  0  0
 1  0    512 116580 417688 1282732    0    0     0    14   31   65  0  0 100  0  0
 1  0    512 116580 417688 1282740    0    0     0     3   24   53  0  0 100  0  0
 2  0    512 116580 417688 1282752    0    0     0     2   23   54  0  0 100  0  0
 1  0    512 116580 417688 1282764    0    0     0     3   26   55  0  0 100  0  0
 0  0    512 116108 417688 1282880    0    0     0     4   31   63  0  0 100  0  0
 1  0    512 116100 417692 1282892    0    0     0    19   33   64  0  0 100  0  0
 1  0    512 116100 417696 1282900    0    0     0     7   28   58  0  0 100  0  0
 1  0    512 116100 417696 1282912    0    0     0     3   27   56  0  0 100  0  0
 1  0    512 117976 417696 1282920    0    0     0     9   29   59  0  0 100  0  0
 0  0    512 117976 417696 1282932    0    0     0     4   29   57  0  0 100  0  0
 0  0    512 116328 417704 1283144    0    0     2    16   34   67  0  0 100  0  0
 0  0    512 116328 417704 1283152    0    0     0     3   25   54  0  0 100  0  0
 0  0    512 116328 417708 1283164    0    0     0     2   26   55  0  0 100  0  0
 0  0    512 116296 417708 1283176    0    0     0     2   25   55  0  0 100  0  0
 2  0    512 125680 417708 1273076    0    0     0    14   42   85  0  0 99  0  0
 1  0    512 965340 417780 1277072    0    0  4197   243  462  648  1  1 95  4  0
 2  0    512 965048 417780 1277004    0    0     0    13   34   68  0  0 100  0  0
procs -----------memory---------- ---swap-- -----io---- -system-- ------cpu-----
 r  b   swpd   free   buff  cache   si   so    bi    bo   in   cs us sy id wa st
 1  0    512 965544 417780 1277016    0    0     0     6   27   57  0  0 100  0  0
 0  0    512 966048 417780 1277020    0    0     0     3   28   60  0  0 100  0  0
 1  0    512 965800 417780 1277036    0    0     0    13   29   60  0  0 100  0  0
 1  0    512 963884 417780 1277048    0    0     0     6   34   68  0  0 100  0  0
 1  0    512 963884 417780 1277056    0    0     0    14   31   61  0  0 100  0  0
 1  0    512 963884 417780 1277068    0    0     0     7   29   60  0  0 100  0  0
 1  0    512 963884 417780 1277080    0    0     0     3   28   59  0  0 100  0  0
 1  0    512 962868 417780 1277172    0    0     0     5   32   67  0  0 100  0  0
 1  0    512 964136 417780 1277168    0    0     0    16   31   62  0  0 100  0  0
 1  0    512 964136 417784 1277180    0    0     0     2   27   59  0  0 100  0  0
 1  0    512 964136 417784 1277192    0    0     0     2   28   57  0  0 100  0  0
 1  0    512 964136 417788 1277204    0    0     0     3   26   57  0  0 100  0  0
 1  0    512 963380 417792 1277224    0    0     0    17   32   65  0  0 100  0  0
 2  0    512 963380 417792 1277224    0    0     0     3   25   56  0  0 100  0  0
 1  0    512 963380 417792 1277236    0    0     0     2   23   52  0  0 100  0  0
 0  0    512 963380 417792 1277248    0    0     0     3   24   54  0  0 100  0  0
 1  0    512 963884 417792 1277260    0    0     0     4   29   62  0  0 100  0  0
 5  0    512 963884 417792 1277272    0    0     0    13   29   58  0  0 100  0  0
 0  0    512 963852 417792 1277272    0    0     0     2   29   59  0  0 100  0  0
 1  0    512 962996 417860 1278956    0    0    23    13   60  114  0  0 99  0  0
 0  0    512 959468 417860 1278876    0    0     0    15   65  115  0  0 100  0  0
procs -----------memory---------- ---swap-- -----io---- -system-- ------cpu-----
 r  b   swpd   free   buff  cache   si   so    bi    bo   in   cs us sy id wa st
 8  0    512 754944 417864 1281176    0    0  2851   134  752 1572  4  3 93  0  0
 8  0    512 256976 417936 1296612    0    0  7248  6992 8053 20174 61 39  0  0  0
 8  0    512 246392 418088 1296636    0    0  4046 16718 7388 19659 62 37  1  0  0
10  0    512 245384 418196 1296656    0    0  3876 16572 7194 19563 62 37  1  0  0
 8  0    512 244880 418336 1296680    0    0  4019 17484 7657 19899 61 38  1  0  0
 8  0    512 244352 418420 1296724    0    0  4127 17802 7629 19516 61 38  1  0  0
 8  0    512 244352 418492 1296752    0    0  4319 18260 7488 19788 62 37  1  0  0
 9  0    512 244100 418556 1296772    0    0  4365 18413 7604 19436 61 38  1  0  0
10  0    512 243848 418588 1296792    0    0  4592 18790 7267 20049 62 37  1  0  0
 8  0    512 242516 418632 1296860    0    0  4531 18598 7483 19682 62 37  1  0  0
 8  0    512 242012 418676 1296888    0    0  4324 18531 7332 18984 62 37  1  0  0
 0  1    512 240000 418828 1296908    0    0  2934  9624 1720 3598  9  5 83  3  0
 1  0    512 243608 418964 1296976    0    0  1672  7989  892 1466  2  1 94  3  0
 1  0    512 243812 418996 1296988    0    0     0  5750  303  469  1  3 91  5  0
 0  1    512 707204  51392 1202636    0    0  3467  7906  675 1126 16  4 77  4  0
 3  0    512 706584  51984 1202572    0    0     0  2162   81  108  0  0 100  0  0
12  0    512 701080  52232 1205848    0    0    22    27   50   83  1  0 98  0  0
 1  0    512 701204  52264 1205860    0    0     0     2   24   53  0  0 100  0  0
 1  0    512 685924  52904 1207312    0    0    31    21   50  108  1  0 99  0  0
 1  0    512 548168 143580 1250952    0    0  1892   301  420  774  1  1 97  2  0
 1  0    512 548128 143628 1251204    0    0     3    14   33   64  0  0 100  0  0
procs -----------memory---------- ---swap-- -----io---- -system-- ------cpu-----
 r  b   swpd   free   buff  cache   si   so    bi    bo   in   cs us sy id wa st
 1  0    512 548380 143664 1251208    0    0     0     3   27   56  0  0 100  0  0
 1  0    512 547104 143720 1251336    0    0     0     3   33   70  0  0 100  0  0
 1  0    512 547356 143756 1251348    0    0     0    14   30   59  0  0 100  0  0
 1  0    512 547632 143804 1251320    0    0     0    14   35   66  0  0 100  0  0
 1  0    512 547632 143856 1251336    0    0     0     8   30   60  0  0 100  0  0
 1  0    512 547380 143880 1251344    0    0     0     3   35   67  0  0 100  0  0
 1  0    512 547380 143920 1251360    0    0     0     4   40   87  0  0 100  0  0
 1  0    512 547608 143972 1251448    0    0     1    15   32   64  0  0 100  0  0
 1  0    512 547608 144008 1251456    0    0     0     3   28   59  0  0 100  0  0
 1  0    512 547608 144032 1251468    0    0     0     2   26   56  0  0 100  0  0
 1  0    512 547608 144064 1251472    0    0     0     2   26   57  0  0 100  0  0
 3  0    512 546040 144096 1251748    0    0     1     3   32   64  0  0 100  0  0
 1  0    512 546868 144164 1251688    0    0     0    18   32   62  0  0 100  0  0
 1  0    512 543080 144220 1251716    0    0     0     5   43   79  0  0 100  0  0
 2  0    512 538236 144352 1251820    0    0     1    15   92  187  0  0 99  0  0
 1  0    512 535976 144784 1251972    0    0     4    27  276  685  3  1 97  0  0
 1  0    512 535692 144896 1252392    0    0     5    28  107  219  0  0 99  0  0
 1  0    512 517980 145020 1256288    0    0     0    20  152  327  1  0 98  0  0
 1  0    512 517964 145120 1256364    0    0     1    18  113  270  1  0 98  0  0
 1  0    512 517476 145208 1256380    0    0     0    18   91  216  2  0 98  0  0
 2  0    512 516680 145280 1256628    0    0     1    20   34   69  0  0 100  0  0
procs -----------memory---------- ---swap-- -----io---- -system-- ------cpu-----
 r  b   swpd   free   buff  cache   si   so    bi    bo   in   cs us sy id wa st
 2  0    512 517192 145420 1256708    0    0     3     6   69  128  0  0 100  0  0
 1  0    512 517696 145516 1256876    0    0     3    15   76  134  0  0 100  0  0
 1  0    512 517444 145564 1256884    0    0     0     7   30   61  0  0 100  0  0
 2  0    512 516900 145604 1256932    0    0     0    14   34   67  0  0 100  0  0
 2  0    512 516900 145636 1256936    0    0     0     2   30   60  0  0 100  0  0
 1  0    512 516900 145668 1256948    0    0     0     2   30   58  0  0 100  0  0
 1  0    512 516900 145700 1256952    0    0     0     3   28   58  0  0 100  0  0
 2  0    512 516900 145732 1256972    0    0     0     2   30   59  0  0 100  0  0
 1  0    512 516420 145800 1256984    0    0     0    15   36   69  0  0 100  0  0
 2  0    512 516420 145832 1256988    0    0     0     3   28   57  0  0 100  0  0
 4  0    512 516420 145856 1257000    0    0     0     2   30   61  0  0 100  0  0
 1  0    512 515916 145904 1257012    0    0     0     8   31   63  0  0 100  0  0
 1  0    512 515656 145952 1257160    0    0     1     4   33   66  0  0 100  0  0
 1  0    512 515656 145992 1257172    0    0     0    12   31   60  0  0 100  0  0
 1  0    512 515656 146032 1257176    0    0     0     3   30   60  0  0 100  0  0
 1  0    512 515404 146064 1257200    0    0     0     3   30   59  0  0 100  0  0
 1  0    512 515404 146096 1257212    0    0     0     3   28   59  0  0 100  0  0
 1  0    512 515396 146180 1257232    0    0     0     7   44   85  0  0 100  0  0
 1  0    512 515396 146220 1257244    0    0     0    14   31   61  0  0 100  0  0
 1  0    512 515396 146248 1257248    0    0     0     2   30   60  0  0 100  0  0
 1  0    512 515396 146284 1257260    0    0     0     2   31   62  0  0 100  0  0
procs -----------memory---------- ---swap-- -----io---- -system-- ------cpu-----
 r  b   swpd   free   buff  cache   si   so    bi    bo   in   cs us sy id wa st
 1  0    512 514316 146340 1257416    0    0     1    12   41   77  0  0 100  0  0
 1  0    512 515648 146380 1257356    0    0     0    14   33   63  0  0 100  0  0
 1  0    512 515648 146412 1257368    0    0     0     3   29   58  0  0 100  0  0
 3  0    512 515648 146448 1257364    0    0     0     2   30   59  0  0 100  0  0
 1  0    512 515900 146480 1257376    0    0     0     3   38   70  0  0 100  0  0
 1  0    512 515380 146536 1257572    0    0     2    18   39   70  0  0 100  0  0
 1  0    512 515348 146568 1257580    0    0     0     3   32   61  0  0 100  0  0
 1  0    512 515348 146596 1257588    0    0     0     2   35   64  0  0 100  0  0
 1  0    512 514844 146792 1257704    0    0     4     4   45   79  0  0 100  0  0
 1  0    512 514096 146840 1257724    0    0     1    12   36   69  0  0 100  0  0
 1  0    512 517380 146904 1257724    0    0     0    20   36   67  0  0 100  0  0
 1  0    512 517380 146928 1257732    0    0     0     4   28   57  0  0 100  0  0
 3  0    512 517380 146952 1257740    0    0     0     2   28   57  0  0 100  0  0
 1  0    512 517932 146976 1257820    0    0     2    12   32   64  0  0 100  0  0
 2  0    512 517932 147000 1257836    0    0     0     3   29   58  0  0 100  0  0
 1  0    512 517932 147040 1257844    0    0     0     3   28   58  0  0 100  0  0
 1  0    512 514648 147092 1257956    0    0     1     5   38   73  0  0 100  0  0
 4  0    512 513876 147140 1257992    0    0     0     4   38   80  0  0 100  0  0
 2  0    512 513876 147172 1258000    0    0     0    13   31   61  0  0 100  0  0
 4  0    512 513876 147204 1258012    0    0     0     3   28   56  0  0 100  0  0
 1  0    512 513372 147244 1258024    0    0     0     6   32   62  0  0 100  0  0
procs -----------memory---------- ---swap-- -----io---- -system-- ------cpu-----
 r  b   swpd   free   buff  cache   si   so    bi    bo   in   cs us sy id wa st
 1  0    512 514128 147284 1258040    0    0     0     6   40   76  0  0 100  0  0
 1  0    512 514364 147376 1258084    0    0     0    23   47   86  0  0 100  0  0
 1  0    512 514616 147424 1258100    0    0     0     8   56  111  0  0 100  0  0
 1  0    512 514616 147464 1258112    0    0     0     5   35   67  0  0 100  0  0
 1  0    512 516864 147500 1258120    0    0     0     2   32   63  0  0 100  0  0
 1  0    512 516648 147548 1258112    0    0     0     6   29   60  0  0 100  0  0
 1  0    512 516648 147580 1258116    0    0     0    13   28   58  0  0 100  0  0
 1  0    512 516648 147612 1258128    0    0     0     3   27   58  0  0 100  0  0
 1  0    512 516648 147644 1258140    0    0     0     3   28   59  0  0 100  0  0
 3  0    512 516560 147700 1258356    0    0     0     7   28   62  0  0 100  0  0
 1  0    512 516632 147748 1258280    0    0     0    15   30   60  0  0 100  0  0
 1  0    512 516632 147780 1258288    0    0     0     2   28   58  0  0 100  0  0
 1  0    512 516632 147804 1258300    0    0     0     2   28   60  0  0 100  0  0
 1  0    512 515308 147852 1258420    0    0     1     4   30   63  0  0 100  0  0
 1  0    512 515592 147892 1258400    0    0     0    18   39   75  0  0 100  0  0
 1  0    512 515560 147928 1258412    0    0     0     2   32   62  0  0 100  0  0
 1  0    512 515560 147960 1258408    0    0     0     2   29   60  0  0 100  0  0
 1  0    512 514740 148000 1258672    0    0     3     3   28   61  0  0 100  0  0
 1  0    512 514732 148048 1258724    0    0     0    23   36   73  0  0 100  0  0
 1  0    512 515236 148100 1258736    0    0     0     7   29   59  0  0 100  0  0
 1  0    512 515236 148132 1258748    0    0     0     3   27   57  0  0 100  0  0
procs -----------memory---------- ---swap-- -----io---- -system-- ------cpu-----
 r  b   swpd   free   buff  cache   si   so    bi    bo   in   cs us sy id wa st
 1  0    512 515236 148164 1258752    0    0     0     2   28   57  0  0 100  0  0
 1  0    512 515480 148212 1258772    0    0     0     3   29   63  0  0 100  0  0
 1  0    512 515480 148236 1258784    0    0     0    14   31   59  0  0 100  0  0
 1  0    512 515480 148276 1258792    0    0     0     3   31   59  0  0 100  0  0
 2  0    512 514976 148300 1258812    0    0     0     2   28   57  0  0 100  0  0
 3  0    512 513676 148348 1258828    0    0     0    14   32   64  0  0 100  0  0
 3  0    512 514796 148384 1258704    0    0     0     3   30   61  0  0 100  0  0
 1  0    512 514796 148420 1258720    0    0     0     2   29   59  0  0 100  0  0
 2  0    512 515172 148460 1258728    0    0     0     7   29   60  0  0 100  0  0
 1  0    512 514792 148492 1258740    0    0     0     3   33   61  0  0 100  0  0
 1  0    512 516044 148540 1258752    0    0     0    14   33   65  0  0 100  0  0
 1  0    512 515920 148572 1258764    0    0     0     3   32   61  0  0 100  0  0
 1  0    512 515920 148604 1258780    0    0     0     2   31   59  0  0 100  0  0
 1  0    512 515796 148644 1258788    0    0     0     3   29   58  0  0 100  0  0
 1  0    512 515292 148692 1258816    0    0     0     4   32   65  0  0 100  0  0
 3  0    512 515292 148724 1258820    0    0     0    13   29   59  0  0 100  0  0
 1  0    512 515292 148756 1258832    0    0     0     2   28   57  0  0 100  0  0
 1  0    512 515292 148788 1258844    0    0     0     3   29   60  0  0 100  0  0
 1  0    512 514804 148828 1259064    0    0     2     7   32   64  0  0 100  0  0
 2  0    512 514804 148868 1259076    0    0     0    13   29   59  0  0 100  0  0
 1  0    512 406968 151252 1355472    0    0   347  5516  313  579 13  2 84  1  0
procs -----------memory---------- ---swap-- -----io---- -system-- ------cpu-----
 r  b   swpd   free   buff  cache   si   so    bi    bo   in   cs us sy id wa st
 4  0    512 406968 151284 1355484    0    0     0    31   29   59  0  0 100  0  0
 1  0    512 407568 151348 1355516    0    0     0     8   51   85  2  0 98  0  0
