page        index   level   data    free    records 
3           45      1       4848    11256   303     
4           45      0       7450    8654    298     
5           45      0       14925   1031    597     
6           45      0       14925   1031    597     
7           45      0       14925   1031    597     
8           45      0       14925   1031    597     
9           45      0       14925   1031    597     
10          45      0       14925   1031    597     
11          45      0       14925   1031    597     
12          45      0       14925   1031    597     
13          45      0       14925   1031    597     
14          45      0       14925   1031    597     
15          45      0       14925   1031    597     
16          45      0       14925   1031    597     
17          45      0       14925   1031    597     
18          45      0       14925   1031    597     
19          45      0       14925   1031    597     
20          45      0       14925   1031    597     
21          45      0       14925   1031    597     
22          45      0       14925   1031    597     
23          45      0       14925   1031    597     
24          45      0       14925   1031    597     
25          45      0       14925   1031    597     
26          45      0       14925   1031    597     
27          45      0       14925   1031    597     
28          45      0       14925   1031    597     
29          45      0       14925   1031    597     
30          45      0       14925   1031    597     
31          45      0       14925   1031    597     
32          45      0       14925   1031    597     
33          45      0       14925   1031    597     
34          45      0       14925   1031    597     
35          45      0       14925   1031    597     
36          0       0       0       16384   0       
37          0       0       0       16384   0       
38          0       0       0       16384   0       
39          0       0       0       16384   0       
40          0       0       0       16384   0       
41          0       0       0       16384   0       
42          0       0       0       16384   0       
43          0       0       0       16384   0       
44          0       0       0       16384   0       
45          0       0       0       16384   0       
46          0       0       0       16384   0       
47          0       0       0       16384   0       
48          0       0       0       16384   0       
49          0       0       0       16384   0       
50          0       0       0       16384   0       
51          0       0       0       16384   0       
52          0       0       0       16384   0       
53          0       0       0       16384   0       
54          0       0       0       16384   0       
55          0       0       0       16384   0       
56          0       0       0       16384   0       
57          0       0       0       16384   0       
58          0       0       0       16384   0       
59          0       0       0       16384   0       
60          0       0       0       16384   0       
61          0       0       0       16384   0       
62          0       0       0       16384   0       
63          0       0       0       16384   0       
64          45      0       14925   1031    597     
65          45      0       14925   1031    597     
66          45      0       14925   1031    597     
67          45      0       14925   1031    597     
68          45      0       14925   1031    597     
69          45      0       14925   1031    597     
70          45      0       14925   1031    597     
71          45      0       14925   1031    597     
72          45      0       14925   1031    597     
73          45      0       14925   1031    597     
74          45      0       14925   1031    597     
75          45      0       14925   1031    597     
76          45      0       14925   1031    597     
77          45      0       14925   1031    597     
78          45      0       14925   1031    597     
79          45      0       14925   1031    597     
80          45      0       14925   1031    597     
81          45      0       14925   1031    597     
82          45      0       14925   1031    597     
83          45      0       14925   1031    597     
84          45      0       14925   1031    597     
85          45      0       14925   1031    597     
86          45      0       14925   1031    597     
87          45      0       14925   1031    597     
88          45      0       14925   1031    597     
89          45      0       14925   1031    597     
90          45      0       14925   1031    597     
91          45      0       14925   1031    597     
92          45      0       14925   1031    597     
93          45      0       14925   1031    597     
94          45      0       14925   1031    597     
95          45      0       14925   1031    597     
96          45      0       14925   1031    597     
97          45      0       14925   1031    597     
98          45      0       14925   1031    597     
99          45      0       14925   1031    597     
100         45      0       14925   1031    597     
101         45      0       14925   1031    597     
102         45      0       14925   1031    597     
103         45      0       14925   1031    597     
104         45      0       14925   1031    597     
105         45      0       14925   1031    597     
106         45      0       14925   1031    597     
107         45      0       14925   1031    597     
108         45      0       14925   1031    597     
109         45      0       14925   1031    597     
110         45      0       14925   1031    597     
111         45      0       14925   1031    597     
112         45      0       14925   1031    597     
113         45      0       14925   1031    597     
114         45      0       14925   1031    597     
115         45      0       14925   1031    597     
116         45      0       14925   1031    597     
117         45      0       14925   1031    597     
118         45      0       14925   1031    597     
119         45      0       14925   1031    597     
120         45      0       14925   1031    597     
121         45      0       14925   1031    597     
122         45      0       14925   1031    597     
123         45      0       14925   1031    597     
124         45      0       14925   1031    597     
125         45      0       14925   1031    597     
126         45      0       14925   1031    597     
127         45      0       14925   1031    597     
128         45      0       14925   1031    597     
129         45      0       14925   1031    597     
130         45      0       14925   1031    597     
131         45      0       14925   1031    597     
132         45      0       14925   1031    597     
133         45      0       14925   1031    597     
134         45      0       14925   1031    597     
135         45      0       14925   1031    597     
136         45      0       14925   1031    597     
137         45      0       14925   1031    597     
138         45      0       14925   1031    597     
139         45      0       14925   1031    597     
140         45      0       14925   1031    597     
141         45      0       14925   1031    597     
142         45      0       14925   1031    597     
143         45      0       14925   1031    597     
144         45      0       14925   1031    597     
145         45      0       14925   1031    597     
146         45      0       14925   1031    597     
147         45      0       14925   1031    597     
148         45      0       14925   1031    597     
149         45      0       14925   1031    597     
150         45      0       14925   1031    597     
151         45      0       14925   1031    597     
152         45      0       14925   1031    597     
153         45      0       14925   1031    597     
154         45      0       14925   1031    597     
155         45      0       14925   1031    597     
156         45      0       14925   1031    597     
157         45      0       14925   1031    597     
158         45      0       14925   1031    597     
159         45      0       14925   1031    597     
160         45      0       14925   1031    597     
161         45      0       14925   1031    597     
162         45      0       14925   1031    597     
163         45      0       14925   1031    597     
164         45      0       14925   1031    597     
165         45      0       14925   1031    597     
166         45      0       14925   1031    597     
167         45      0       14925   1031    597     
168         45      0       14925   1031    597     
169         45      0       14925   1031    597     
170         45      0       14925   1031    597     
171         45      0       14925   1031    597     
172         45      0       14925   1031    597     
173         45      0       14925   1031    597     
174         45      0       14925   1031    597     
175         45      0       14925   1031    597     
176         45      0       14925   1031    597     
177         45      0       14925   1031    597     
178         45      0       14925   1031    597     
179         45      0       14925   1031    597     
180         45      0       14925   1031    597     
181         45      0       14925   1031    597     
182         45      0       14925   1031    597     
183         45      0       14925   1031    597     
184         45      0       14925   1031    597     
185         45      0       14925   1031    597     
186         45      0       14925   1031    597     
187         45      0       14925   1031    597     
188         45      0       14925   1031    597     
189         45      0       14925   1031    597     
190         45      0       14925   1031    597     
191         45      0       14925   1031    597     
192         45      0       14925   1031    597     
193         45      0       14925   1031    597     
194         45      0       14925   1031    597     
195         45      0       14925   1031    597     
196         45      0       14925   1031    597     
197         45      0       14925   1031    597     
198         45      0       14925   1031    597     
199         45      0       14925   1031    597     
200         45      0       14925   1031    597     
201         45      0       14925   1031    597     
202         45      0       14925   1031    597     
203         45      0       14925   1031    597     
204         45      0       14925   1031    597     
205         45      0       14925   1031    597     
206         45      0       14925   1031    597     
207         45      0       14925   1031    597     
208         45      0       14925   1031    597     
209         45      0       14925   1031    597     
210         45      0       14925   1031    597     
211         45      0       14925   1031    597     
212         45      0       14925   1031    597     
213         45      0       14925   1031    597     
214         45      0       14925   1031    597     
215         45      0       14925   1031    597     
216         45      0       14925   1031    597     
217         45      0       14925   1031    597     
218         45      0       14925   1031    597     
219         45      0       14925   1031    597     
220         45      0       14925   1031    597     
221         45      0       14925   1031    597     
222         45      0       14925   1031    597     
223         45      0       14925   1031    597     
224         45      0       14925   1031    597     
225         45      0       14925   1031    597     
226         45      0       14925   1031    597     
227         45      0       14925   1031    597     
228         45      0       14925   1031    597     
229         45      0       14925   1031    597     
230         45      0       14925   1031    597     
231         45      0       14925   1031    597     
232         45      0       14925   1031    597     
233         45      0       14925   1031    597     
234         45      0       14925   1031    597     
235         45      0       14925   1031    597     
236         45      0       14925   1031    597     
237         45      0       14925   1031    597     
238         45      0       14925   1031    597     
239         45      0       14925   1031    597     
240         45      0       14925   1031    597     
241         45      0       14925   1031    597     
242         45      0       14925   1031    597     
243         45      0       14925   1031    597     
244         45      0       14925   1031    597     
245         45      0       14925   1031    597     
246         45      0       14925   1031    597     
247         45      0       14925   1031    597     
248         45      0       14925   1031    597     
249         45      0       14925   1031    597     
250         45      0       14925   1031    597     
251         45      0       14925   1031    597     
252         45      0       14925   1031    597     
253         45      0       14925   1031    597     
254         45      0       14925   1031    597     
255         45      0       14925   1031    597     
256         45      0       14925   1031    597     
257         45      0       14925   1031    597     
258         45      0       14925   1031    597     
259         45      0       14925   1031    597     
260         45      0       14925   1031    597     
261         45      0       14925   1031    597     
262         45      0       14925   1031    597     
263         45      0       14925   1031    597     
264         45      0       14925   1031    597     
265         45      0       14925   1031    597     
266         45      0       14925   1031    597     
267         45      0       14925   1031    597     
268         45      0       14925   1031    597     
269         45      0       14925   1031    597     
270         45      0       14925   1031    597     
271         45      0       14925   1031    597     
272         45      0       14925   1031    597     
273         45      0       14925   1031    597     
274         45      0       14925   1031    597     
275         45      0       14925   1031    597     
276         45      0       14925   1031    597     
277         45      0       14925   1031    597     
278         45      0       14925   1031    597     
279         45      0       14925   1031    597     
280         45      0       14925   1031    597     
281         45      0       14925   1031    597     
282         45      0       14925   1031    597     
283         45      0       14925   1031    597     
284         45      0       14925   1031    597     
285         45      0       14925   1031    597     
286         45      0       14925   1031    597     
287         45      0       14925   1031    597     
288         45      0       14925   1031    597     
289         45      0       14925   1031    597     
290         45      0       14925   1031    597     
291         45      0       14925   1031    597     
292         45      0       14925   1031    597     
293         45      0       14925   1031    597     
294         45      0       14925   1031    597     
295         45      0       14925   1031    597     
296         45      0       14925   1031    597     
297         45      0       14925   1031    597     
298         45      0       14925   1031    597     
299         45      0       14925   1031    597     
300         45      0       14925   1031    597     
301         45      0       14925   1031    597     
302         45      0       14925   1031    597     
303         45      0       14925   1031    597     
304         45      0       14925   1031    597     
305         45      0       14925   1031    597     
306         45      0       14925   1031    597     
307         45      0       14925   1031    597     
308         45      0       14925   1031    597     
309         45      0       14925   1031    597     
310         45      0       14925   1031    597     
311         45      0       14925   1031    597     
312         45      0       14925   1031    597     
313         45      0       14925   1031    597     
314         45      0       14925   1031    597     
315         45      0       14925   1031    597     
316         45      0       14925   1031    597     
317         45      0       14925   1031    597     
318         45      0       14925   1031    597     
319         45      0       14925   1031    597     
320         45      0       14925   1031    597     
321         45      0       14925   1031    597     
322         45      0       14925   1031    597     
323         45      0       14925   1031    597     
324         45      0       14925   1031    597     
325         45      0       14925   1031    597     
326         45      0       14925   1031    597     
327         45      0       14925   1031    597     
328         45      0       14925   1031    597     
329         45      0       14925   1031    597     
330         45      0       14925   1031    597     
331         45      0       14925   1031    597     
332         45      0       14925   1031    597     
333         45      0       14925   1031    597     
334         45      0       125     16127   5       
335         0       0       0       16384   0       
336         0       0       0       16384   0       
337         0       0       0       16384   0       
338         0       0       0       16384   0       
339         0       0       0       16384   0       
340         0       0       0       16384   0       
341         0       0       0       16384   0       
342         0       0       0       16384   0       
343         0       0       0       16384   0       
344         0       0       0       16384   0       
345         0       0       0       16384   0       
346         0       0       0       16384   0       
347         0       0       0       16384   0       
348         0       0       0       16384   0       
349         0       0       0       16384   0       
350         0       0       0       16384   0       
351         0       0       0       16384   0       
352         0       0       0       16384   0       
353         0       0       0       16384   0       
354         0       0       0       16384   0       
355         0       0       0       16384   0       
356         0       0       0       16384   0       
357         0       0       0       16384   0       
358         0       0       0       16384   0       
359         0       0       0       16384   0       
360         0       0       0       16384   0       
361         0       0       0       16384   0       
362         0       0       0       16384   0       
363         0       0       0       16384   0       
364         0       0       0       16384   0       
365         0       0       0       16384   0       
366         0       0       0       16384   0       
367         0       0       0       16384   0       
368         0       0       0       16384   0       
369         0       0       0       16384   0       
370         0       0       0       16384   0       
371         0       0       0       16384   0       
372         0       0       0       16384   0       
373         0       0       0       16384   0       
374         0       0       0       16384   0       
375         0       0       0       16384   0       
376         0       0       0       16384   0       
377         0       0       0       16384   0       
378         0       0       0       16384   0       
379         0       0       0       16384   0       
380         0       0       0       16384   0       
381         0       0       0       16384   0       
382         0       0       0       16384   0       
383         0       0       0       16384   0       
384         0       0       0       16384   0       
385         0       0       0       16384   0       
386         0       0       0       16384   0       
387         0       0       0       16384   0       
388         0       0       0       16384   0       
389         0       0       0       16384   0       
390         0       0       0       16384   0       
391         0       0       0       16384   0       
392         0       0       0       16384   0       
393         0       0       0       16384   0       
394         0       0       0       16384   0       
395         0       0       0       16384   0       
396         0       0       0       16384   0       
397         0       0       0       16384   0       
398         0       0       0       16384   0       
399         0       0       0       16384   0       
400         0       0       0       16384   0       
401         0       0       0       16384   0       
402         0       0       0       16384   0       
403         0       0       0       16384   0       
404         0       0       0       16384   0       
405         0       0       0       16384   0       
406         0       0       0       16384   0       
407         0       0       0       16384   0       
408         0       0       0       16384   0       
409         0       0       0       16384   0       
410         0       0       0       16384   0       
411         0       0       0       16384   0       
412         0       0       0       16384   0       
413         0       0       0       16384   0       
414         0       0       0       16384   0       
415         0       0       0       16384   0       
416         0       0       0       16384   0       
417         0       0       0       16384   0       
418         0       0       0       16384   0       
419         0       0       0       16384   0       
420         0       0       0       16384   0       
421         0       0       0       16384   0       
422         0       0       0       16384   0       
423         0       0       0       16384   0       
424         0       0       0       16384   0       
425         0       0       0       16384   0       
426         0       0       0       16384   0       
427         0       0       0       16384   0       
428         0       0       0       16384   0       
429         0       0       0       16384   0       
430         0       0       0       16384   0       
431         0       0       0       16384   0       
432         0       0       0       16384   0       
433         0       0       0       16384   0       
434         0       0       0       16384   0       
435         0       0       0       16384   0       
436         0       0       0       16384   0       
437         0       0       0       16384   0       
438         0       0       0       16384   0       
439         0       0       0       16384   0       
440         0       0       0       16384   0       
441         0       0       0       16384   0       
442         0       0       0       16384   0       
443         0       0       0       16384   0       
444         0       0       0       16384   0       
445         0       0       0       16384   0       
446         0       0       0       16384   0       
447         0       0       0       16384   0       
448         0       0       0       16384   0       
449         0       0       0       16384   0       
450         0       0       0       16384   0       
451         0       0       0       16384   0       
452         0       0       0       16384   0       
453         0       0       0       16384   0       
454         0       0       0       16384   0       
455         0       0       0       16384   0       
456         0       0       0       16384   0       
457         0       0       0       16384   0       
458         0       0       0       16384   0       
459         0       0       0       16384   0       
460         0       0       0       16384   0       
461         0       0       0       16384   0       
462         0       0       0       16384   0       
463         0       0       0       16384   0       
464         0       0       0       16384   0       
465         0       0       0       16384   0       
466         0       0       0       16384   0       
467         0       0       0       16384   0       
468         0       0       0       16384   0       
469         0       0       0       16384   0       
470         0       0       0       16384   0       
471         0       0       0       16384   0       
472         0       0       0       16384   0       
473         0       0       0       16384   0       
474         0       0       0       16384   0       
475         0       0       0       16384   0       
476         0       0       0       16384   0       
477         0       0       0       16384   0       
478         0       0       0       16384   0       
479         0       0       0       16384   0       
480         0       0       0       16384   0       
481         0       0       0       16384   0       
482         0       0       0       16384   0       
483         0       0       0       16384   0       
484         0       0       0       16384   0       
485         0       0       0       16384   0       
486         0       0       0       16384   0       
487         0       0       0       16384   0       
488         0       0       0       16384   0       
489         0       0       0       16384   0       
490         0       0       0       16384   0       
491         0       0       0       16384   0       
492         0       0       0       16384   0       
493         0       0       0       16384   0       
494         0       0       0       16384   0       
495         0       0       0       16384   0       
496         0       0       0       16384   0       
497         0       0       0       16384   0       
498         0       0       0       16384   0       
499         0       0       0       16384   0       
500         0       0       0       16384   0       
501         0       0       0       16384   0       
502         0       0       0       16384   0       
503         0       0       0       16384   0       
504         0       0       0       16384   0       
505         0       0       0       16384   0       
506         0       0       0       16384   0       
507         0       0       0       16384   0       
508         0       0       0       16384   0       
509         0       0       0       16384   0       
510         0       0       0       16384   0       
511         0       0       0       16384   0       
512         0       0       0       16384   0       
513         0       0       0       16384   0       
514         0       0       0       16384   0       
515         0       0       0       16384   0       
516         0       0       0       16384   0       
517         0       0       0       16384   0       
518         0       0       0       16384   0       
519         0       0       0       16384   0       
520         0       0       0       16384   0       
521         0       0       0       16384   0       
522         0       0       0       16384   0       
523         0       0       0       16384   0       
524         0       0       0       16384   0       
525         0       0       0       16384   0       
526         0       0       0       16384   0       
527         0       0       0       16384   0       
528         0       0       0       16384   0       
529         0       0       0       16384   0       
530         0       0       0       16384   0       
531         0       0       0       16384   0       
532         0       0       0       16384   0       
533         0       0       0       16384   0       
534         0       0       0       16384   0       
535         0       0       0       16384   0       
536         0       0       0       16384   0       
537         0       0       0       16384   0       
538         0       0       0       16384   0       
539         0       0       0       16384   0       
540         0       0       0       16384   0       
541         0       0       0       16384   0       
542         0       0       0       16384   0       
543         0       0       0       16384   0       
544         0       0       0       16384   0       
545         0       0       0       16384   0       
546         0       0       0       16384   0       
547         0       0       0       16384   0       
548         0       0       0       16384   0       
549         0       0       0       16384   0       
550         0       0       0       16384   0       
551         0       0       0       16384   0       
552         0       0       0       16384   0       
553         0       0       0       16384   0       
554         0       0       0       16384   0       
555         0       0       0       16384   0       
556         0       0       0       16384   0       
557         0       0       0       16384   0       
558         0       0       0       16384   0       
559         0       0       0       16384   0       
560         0       0       0       16384   0       
561         0       0       0       16384   0       
562         0       0       0       16384   0       
563         0       0       0       16384   0       
564         0       0       0       16384   0       
565         0       0       0       16384   0       
566         0       0       0       16384   0       
567         0       0       0       16384   0       
568         0       0       0       16384   0       
569         0       0       0       16384   0       
570         0       0       0       16384   0       
571         0       0       0       16384   0       
572         0       0       0       16384   0       
573         0       0       0       16384   0       
574         0       0       0       16384   0       
575         0       0       0       16384   0       
576         0       0       0       16384   0       
577         0       0       0       16384   0       
578         0       0       0       16384   0       
579         0       0       0       16384   0       
580         0       0       0       16384   0       
581         0       0       0       16384   0       
582         0       0       0       16384   0       
583         0       0       0       16384   0       
584         0       0       0       16384   0       
585         0       0       0       16384   0       
586         0       0       0       16384   0       
587         0       0       0       16384   0       
588         0       0       0       16384   0       
589         0       0       0       16384   0       
590         0       0       0       16384   0       
591         0       0       0       16384   0       
592         0       0       0       16384   0       
593         0       0       0       16384   0       
594         0       0       0       16384   0       
595         0       0       0       16384   0       
596         0       0       0       16384   0       
597         0       0       0       16384   0       
598         0       0       0       16384   0       
599         0       0       0       16384   0       
600         0       0       0       16384   0       
601         0       0       0       16384   0       
602         0       0       0       16384   0       
603         0       0       0       16384   0       
604         0       0       0       16384   0       
605         0       0       0       16384   0       
606         0       0       0       16384   0       
607         0       0       0       16384   0       
608         0       0       0       16384   0       
609         0       0       0       16384   0       
610         0       0       0       16384   0       
611         0       0       0       16384   0       
612         0       0       0       16384   0       
613         0       0       0       16384   0       
614         0       0       0       16384   0       
615         0       0       0       16384   0       
616         0       0       0       16384   0       
617         0       0       0       16384   0       
618         0       0       0       16384   0       
619         0       0       0       16384   0       
620         0       0       0       16384   0       
621         0       0       0       16384   0       
622         0       0       0       16384   0       
623         0       0       0       16384   0       
624         0       0       0       16384   0       
625         0       0       0       16384   0       
626         0       0       0       16384   0       
627         0       0       0       16384   0       
628         0       0       0       16384   0       
629         0       0       0       16384   0       
630         0       0       0       16384   0       
631         0       0       0       16384   0       
632         0       0       0       16384   0       
633         0       0       0       16384   0       
634         0       0       0       16384   0       
635         0       0       0       16384   0       
636         0       0       0       16384   0       
637         0       0       0       16384   0       
638         0       0       0       16384   0       
639         0       0       0       16384   0       
640         0       0       0       16384   0       
641         0       0       0       16384   0       
642         0       0       0       16384   0       
643         0       0       0       16384   0       
644         0       0       0       16384   0       
645         0       0       0       16384   0       
646         0       0       0       16384   0       
647         0       0       0       16384   0       
648         0       0       0       16384   0       
649         0       0       0       16384   0       
650         0       0       0       16384   0       
651         0       0       0       16384   0       
652         0       0       0       16384   0       
653         0       0       0       16384   0       
654         0       0       0       16384   0       
655         0       0       0       16384   0       
656         0       0       0       16384   0       
657         0       0       0       16384   0       
658         0       0       0       16384   0       
659         0       0       0       16384   0       
660         0       0       0       16384   0       
661         0       0       0       16384   0       
662         0       0       0       16384   0       
663         0       0       0       16384   0       
664         0       0       0       16384   0       
665         0       0       0       16384   0       
666         0       0       0       16384   0       
667         0       0       0       16384   0       
668         0       0       0       16384   0       
669         0       0       0       16384   0       
670         0       0       0       16384   0       
671         0       0       0       16384   0       
672         0       0       0       16384   0       
673         0       0       0       16384   0       
674         0       0       0       16384   0       
675         0       0       0       16384   0       
676         0       0       0       16384   0       
677         0       0       0       16384   0       
678         0       0       0       16384   0       
679         0       0       0       16384   0       
680         0       0       0       16384   0       
681         0       0       0       16384   0       
682         0       0       0       16384   0       
683         0       0       0       16384   0       
684         0       0       0       16384   0       
685         0       0       0       16384   0       
686         0       0       0       16384   0       
687         0       0       0       16384   0       
688         0       0       0       16384   0       
689         0       0       0       16384   0       
690         0       0       0       16384   0       
691         0       0       0       16384   0       
692         0       0       0       16384   0       
693         0       0       0       16384   0       
694         0       0       0       16384   0       
695         0       0       0       16384   0       
696         0       0       0       16384   0       
697         0       0       0       16384   0       
698         0       0       0       16384   0       
699         0       0       0       16384   0       
700         0       0       0       16384   0       
701         0       0       0       16384   0       
702         0       0       0       16384   0       
703         0       0       0       16384   0       
704         0       0       0       16384   0       
705         0       0       0       16384   0       
706         0       0       0       16384   0       
707         0       0       0       16384   0       
708         0       0       0       16384   0       
709         0       0       0       16384   0       
710         0       0       0       16384   0       
711         0       0       0       16384   0       
712         0       0       0       16384   0       
713         0       0       0       16384   0       
714         0       0       0       16384   0       
715         0       0       0       16384   0       
716         0       0       0       16384   0       
717         0       0       0       16384   0       
718         0       0       0       16384   0       
719         0       0       0       16384   0       
720         0       0       0       16384   0       
721         0       0       0       16384   0       
722         0       0       0       16384   0       
723         0       0       0       16384   0       
724         0       0       0       16384   0       
725         0       0       0       16384   0       
726         0       0       0       16384   0       
727         0       0       0       16384   0       
728         0       0       0       16384   0       
729         0       0       0       16384   0       
730         0       0       0       16384   0       
731         0       0       0       16384   0       
732         0       0       0       16384   0       
733         0       0       0       16384   0       
734         0       0       0       16384   0       
735         0       0       0       16384   0       
736         0       0       0       16384   0       
737         0       0       0       16384   0       
738         0       0       0       16384   0       
739         0       0       0       16384   0       
740         0       0       0       16384   0       
741         0       0       0       16384   0       
742         0       0       0       16384   0       
743         0       0       0       16384   0       
744         0       0       0       16384   0       
745         0       0       0       16384   0       
746         0       0       0       16384   0       
747         0       0       0       16384   0       
748         0       0       0       16384   0       
749         0       0       0       16384   0       
750         0       0       0       16384   0       
751         0       0       0       16384   0       
752         0       0       0       16384   0       
753         0       0       0       16384   0       
754         0       0       0       16384   0       
755         0       0       0       16384   0       
756         0       0       0       16384   0       
757         0       0       0       16384   0       
758         0       0       0       16384   0       
759         0       0       0       16384   0       
760         0       0       0       16384   0       
761         0       0       0       16384   0       
762         0       0       0       16384   0       
763         0       0       0       16384   0       
764         0       0       0       16384   0       
765         0       0       0       16384   0       
766         0       0       0       16384   0       
767         0       0       0       16384   0       
768         0       0       0       16384   0       
769         0       0       0       16384   0       
770         0       0       0       16384   0       
771         0       0       0       16384   0       
772         0       0       0       16384   0       
773         0       0       0       16384   0       
774         0       0       0       16384   0       
775         0       0       0       16384   0       
776         0       0       0       16384   0       
777         0       0       0       16384   0       
778         0       0       0       16384   0       
779         0       0       0       16384   0       
780         0       0       0       16384   0       
781         0       0       0       16384   0       
782         0       0       0       16384   0       
783         0       0       0       16384   0       
784         0       0       0       16384   0       
785         0       0       0       16384   0       
786         0       0       0       16384   0       
787         0       0       0       16384   0       
788         0       0       0       16384   0       
789         0       0       0       16384   0       
790         0       0       0       16384   0       
791         0       0       0       16384   0       
792         0       0       0       16384   0       
793         0       0       0       16384   0       
794         0       0       0       16384   0       
795         0       0       0       16384   0       
796         0       0       0       16384   0       
797         0       0       0       16384   0       
798         0       0       0       16384   0       
799         0       0       0       16384   0       
800         0       0       0       16384   0       
801         0       0       0       16384   0       
802         0       0       0       16384   0       
803         0       0       0       16384   0       
804         0       0       0       16384   0       
805         0       0       0       16384   0       
806         0       0       0       16384   0       
807         0       0       0       16384   0       
808         0       0       0       16384   0       
809         0       0       0       16384   0       
810         0       0       0       16384   0       
811         0       0       0       16384   0       
812         0       0       0       16384   0       
813         0       0       0       16384   0       
814         0       0       0       16384   0       
815         0       0       0       16384   0       
816         0       0       0       16384   0       
817         0       0       0       16384   0       
818         0       0       0       16384   0       
819         0       0       0       16384   0       
820         0       0       0       16384   0       
821         0       0       0       16384   0       
822         0       0       0       16384   0       
823         0       0       0       16384   0       
824         0       0       0       16384   0       
825         0       0       0       16384   0       
826         0       0       0       16384   0       
827         0       0       0       16384   0       
828         0       0       0       16384   0       
829         0       0       0       16384   0       
830         0       0       0       16384   0       
831         0       0       0       16384   0       
